 mx:          103
 cfl:   0.500000000    
 nlast:           20
 dx:    9.99999978E-03
 dt:    4.99999989E-03
 ul:    1.00000000    
 ur:    0.00000000    
