 mx:           51
 cfl:   0.500000000    
 nlast:           10
 dx:    1.99999996E-02
 dt:    9.99999978E-03
 ul:    1.00000000    
 ur:    0.00000000    
