 mx:          201
 cfl:   0.500000000    
 dx:    9.99999978E-03
 dt:    9.99999931E-04
 nlast:           80
 ul:    1.00000000    
 vl:    1.00000000    
 ur:    2.00000000    
 vr:   -1.00000000    
