 mx:          201
 cfl:   0.500000000    
 dx:    9.99999978E-03
 dt:    5.55555569E-04
 nlast:           40
 ul:    1.00000000    
 vl:    5.00000000    
 ur:    3.00000000    
 vr:    2.00000000    
