 mx:          401
 cfl:   0.500000000    
 dx:    9.99999978E-03
 dt:    1.24701091E-05
 nlast:          400
 time:    4.98804357E-03
 g:    1.39999998    
 rhol:    4.41070509    
 ul:    0.00000000    
 pl:    506500.000    
 rhor:    1.17618799    
 ur:    0.00000000    
 pr:    101300.000    
