 mx:          300
 cfl:   0.500000000    
 dx:    1.33779263E-02
 dt:    1.66824193E-05
 nlast:          239
 time:    3.98709811E-03
 g:    1.39999998    
 rhol:    4.41070509    
 ul:    0.00000000    
 pl:    506500.000    
 rhor:    1.17618799    
 ur:    0.00000000    
 pr:    101300.000    
