 mx:          300
 cfl:   0.500000000    
 dx:    1.33779263E-02
 dt:    1.49212092E-05
 nlast:          268
 time:    3.99888400E-03
 g:    1.39999998    
 rhol:   0.705712795    
 ul:    0.00000000    
 pl:    101300.000    
 rhor:    5.88093996    
 ur:    3.00000000    
 pr:    506500.000    
